        -11832.008969599613920
         -1404.561679557007210
          6455.844628392133927
         11963.219087855428370
         15398.049218677488170
         17066.633238803809945
         17275.467168900253455
         16316.887702960921160
         14466.839219385075921
         11988.445238495733065
          9142.617756731382542
          6205.055660359334979
          3488.616244895709315
          1363.950576189343792
           200.000000000000000
       -304405.255450128752273
       -242387.748106929124333
       -189403.719088893296430
       -144853.275864230206935
       -107987.637574382213643
        -78035.528936011309270
        -54247.754842776979785
        -35904.068258594503277
        -22290.306673509778193
        -12682.666078872925937
         -6358.612887476009746
         -2617.347182054109453
          -773.843621946337407
          -120.507331370560465
            -0.000000000000000
             0.000000000000000
            -0.136756999982942
            -0.062208900264176
             0.169917347484473
            -0.035083545885829
            -0.190011257222425
             0.210118503831755
             0.037530591438741
            -0.275310754808832
             0.248448337785764
             0.019481687881259
            -0.230749131565204
             0.158093009191429
             0.116711112010528
            -0.000000000000000
           293.820007292630066
           227.552357209519414
           165.467958187893572
           109.900764785279165
            61.840741755822407
            21.588459250492267
           -11.146762745667228
           -36.782210551302406
           -55.720213627490352
           -68.199485416978590
           -74.091888671254239
           -72.786216147344192
           -63.035754625839203
           -43.197528809464742
           -15.000000000000000
          1666.336065598636196
          1434.539301561348793
          1214.662149340435690
          1012.860011892725652
           830.421902599661280
           667.183529318895467
           522.205175342828625
           394.979153866278637
           285.708925387980230
           194.673104343871785
           121.529555225979237
            65.533730045123406
            26.641447960264497
             6.025366568527502
            -0.000000000000000
             0.000000000000000
            -0.006837849998973
             0.010565254984741
             0.001041057402680
            -0.011291102070972
             0.003544716504002
             0.016461771549053
            -0.025091167168728
             0.009449099856314
             0.016738854773405
            -0.028187187268836
             0.015675646296733
             0.003766460741073
            -0.005835555600345
            -0.000000000000000
            -0.116256928037245
            -0.046930449183579
             0.104379611305238
             0.284244012685554
             0.482388134873530
             0.676937726564228
             0.861582906647050
             1.036993083116955
             1.203447164384929
             1.368691061074371
             1.542887094047683
             1.739346100013358
             1.975600539018078
             2.252719972920211
             2.399686952423324
            -6.156391796607607
            -5.930856474208577
            -5.455184801842606
            -4.937866982199566
            -4.412789962615665
            -3.917291604981624
            -3.451256747374758
            -2.991709193522618
            -2.524667560752165
            -2.059014521102142
            -1.615603851506728
            -1.192448255689408
            -0.755301424460897
            -0.276332983365139
            -0.025047582140793
            -0.001381061844745
             0.001039045013249
            -0.000169070528800
            -0.000307041968436
            -0.000309443907140
             0.001051031364600
            -0.000405160214114
            -0.001672262521732
             0.003399059272660
            -0.003034594983211
             0.000788537975401
             0.001404408477867
            -0.001999934178710
             0.001520088768012
            -0.001228202286608
