       1693229.119776886887848
       1701721.371901234146208
       1709176.866204293211922
       1715646.126704448368400
       1721199.026442892383784
       1725917.501062237657607
       1729886.349454122595489
       1733184.232173623284325
       1735884.367421147646382
       1738055.470101805636659
       1739760.498522285604849
       1741057.789360415190458
       1742001.020646842429414
       1742638.854009670671076
       1743016.119336799718440
       1743174.229667747626081
       1743151.801397730596364
       1742984.632002821424976
       1742705.471384025411680
       1742344.088589950930327
       1741926.723780085099861
       1741476.005839789984748
       1741010.883358161197975
       1740546.438364445231855
       1740094.043396709254012
       1739661.614856877364218
       1739254.128657959634438
       1738874.318013169802725
       1738522.992608215194196
       1738200.000000000000000
       -452968.413154397683684
       -419983.470283568894956
       -388278.049329269269947
       -357914.159412879205775
       -328932.377135943330359
       -301330.460283990192693
       -275086.519151333486661
       -250179.472045615111711
       -226588.620857145346235
       -204293.775664889690233
       -183274.990646472317167
       -163512.118594146450050
       -144985.001156519923825
       -127673.383926966023864
       -111556.630511232026038
        -96614.231696718765306
        -82825.845487773636705
        -70171.205555567808915
        -58630.312009579291043
        -48183.717803807747259
        -38812.650077339974814
        -30498.736423407222901
        -23224.036335616001452
        -16971.186068211831298
        -11723.344218461477794
         -7464.252184165616200
         -4177.954322209196107
         -1848.630934003223501
          -460.628160854279542
             0.000000000000000
        -28350.742917571024009
        -26611.640197686396277
        -24865.868458957091207
        -23120.187518676048057
        -21383.401750807850476
        -19667.079035817194381
        -17984.034143298278650
        -16344.693681047676364
        -14757.077158579826573
        -13229.283647193373326
        -11769.944386147391924
        -10387.779930011100078
         -9089.737510039745757
         -7880.758273740670120
         -6765.478328012688507
         -5747.402950049379797
         -4827.673822485365235
         -4005.497086874066554
         -3277.993631262788767
         -2640.278223386358604
         -2086.461185217458933
         -1610.534599222669613
         -1206.714934216736538
          -869.460024814713279
          -593.512690735383671
          -374.281874951549526
          -208.067829367903698
           -91.706782160943206
           -22.807203470193173
             0.000000000000000
           438.048112140091519
           386.774642871231492
           337.351452925526758
           290.985203038915813
           248.348527554672046
           209.940398550055022
           175.539950802811489
           144.771850433370076
           117.482829739153146
            93.388767635383118
            72.214666871372501
            53.786641383005460
            37.826100412777258
            24.124410004974404
            12.518039071331055
             2.838651422629976
            -5.017042914633834
           -11.219546549625091
           -15.894358403118906
           -19.205495359920189
           -21.331690584798523
           -22.444964334637152
           -22.730748588797933
           -22.379158302798167
           -21.560368996227616
           -20.439887793822226
           -19.137802034486590
           -17.751851130348054
           -16.371139405964708
           -15.000000000000000
          1632.184684792155167
          1571.527479782986120
          1507.909191413828921
          1441.229250056985393
          1373.669895050856894
          1307.207743249938176
          1241.774465068397831
          1177.359902199581484
          1113.936957406851889
          1051.483369519392227
           989.997693491755285
           929.500933983313189
           869.973168386224643
           811.443651514120461
           753.920226783215071
           697.382693295255308
           641.835011586506766
           587.265875659343578
           533.660716278349582
           480.980405056344239
           429.198586254619670
           378.302724116970751
           328.263409142768410
           279.054031549102319
           230.650465283616256
           183.020228355130627
           136.166379241163440
            90.072652189675793
            44.739198303083512
             0.000000000000000
            84.220462956580491
            84.692502932860307
            84.868202367508417
            84.683683091146193
            84.004240107226195
            82.696176365246600
            80.772086058555345
            78.451322776197401
            75.748320664269471
            72.640919620920158
            69.099595564870441
            65.145200921612698
            60.929122143735789
            56.494810634074170
            51.828439972607569
            47.053673024301446
            42.276411459873202
            37.578745240055824
            33.081121774433598
            28.857945114199151
            24.932369523531321
            21.292718789833366
            17.928872432445981
            14.827510062738076
            11.974278267077842
             9.318831775983348
             6.824938614257877
             4.476784094830685
             2.215183431647153
             0.000000000000000
            -0.283202463710375
            -0.261117939077903
            -0.215653535340020
            -0.164930998841439
            -0.112759446365139
            -0.053469295343633
            -0.001149208501676
             0.052578893806039
             0.104213354721996
             0.152354965000981
             0.197822983398685
             0.242196832681149
             0.280225943015186
             0.319213482447687
             0.352771800581446
             0.386841530684721
             0.417428090569709
             0.446474535224683
             0.473235751966289
             0.497145675054230
             0.518596898022469
             0.537671081044560
             0.553877899121618
             0.567802498749153
             0.579481471417961
             0.588927461357249
             0.597787302336884
             0.604649666098108
             0.611372294991442
             0.615121535761264
            -0.959058538317788
            -0.965302407950743
            -0.976455565933088
            -0.986238970028482
            -0.993459882158471
            -0.998155650067681
            -0.999367578189705
            -0.997790128028007
            -0.993431183377470
            -0.986896077913061
            -0.978346789039914
            -0.967963670053406
            -0.957418860298488
            -0.944820002155023
            -0.932512452784510
            -0.918879399324999
            -0.905367375584180
            -0.891606010016762
            -0.877997943738916
            -0.865075372108303
            -0.852723248870540
            -0.841150351901843
            -0.830843665711291
            -0.821647849960552
            -0.813667570709704
            -0.806990431693335
            -0.800579664151419
            -0.795504814920643
            -0.790363829810781
            -0.787486316172905
             0.001817096905128
            -0.002960792859014
            -0.005374974212556
            -0.011456913398527
            -0.017982369895483
            -0.028748073430938
            -0.035546894746820
            -0.040625861151846
            -0.047267627173717
            -0.053142782366741
            -0.060859668155486
            -0.066247295784990
            -0.069447485764120
            -0.073608563842196
            -0.077286065134032
            -0.077553532469268
            -0.077870910163488
            -0.075495268685244
            -0.071886999197364
            -0.067015721998776
            -0.062614215586593
            -0.058105952070865
            -0.054024842013261
            -0.049956732155434
            -0.046348957776400
            -0.043958235177117
            -0.041582754150475
            -0.039715520911179
            -0.039400394933851
            -0.038722854229293
         20000.000000000000000
         19519.736862012876372
         19039.473724025701813
         18559.997453260431939
         18094.333957545426529
         17652.850531074534956
         17232.389752004419279
         16830.446908061894646
         16444.833933409001475
         16073.719914930088635
         15715.687306044203069
         15369.615847433886302
         15034.568526836692399
         14709.891363228414775
         14394.932607732709585
         14089.053209986519505
         13791.740310026631050
         13502.600253966642413
         13221.244163563689654
         12947.319336250884589
         12680.613128194012461
         12421.000482497778648
         12168.378116351230346
         11922.702532114901260
         11683.928804920318726
         11451.990271083279367
         11226.850471155243213
         11008.378075293718211
         10796.472503675800908
         10590.394620438923084
             0.800000000000004
             0.799999999999997
             0.800000000000002
             0.797378696612222
             0.753982589447011
             0.716822453078662
             0.683945517952202
             0.655129837642913
             0.629542468491755
             0.606826473053802
             0.585961638967582
             0.566977824328007
             0.549234633593333
             0.532429548236688
             0.516857718157428
             0.502181645358300
             0.488318398863918
             0.474953736436017
             0.462386037589824
             0.450196457622201
             0.438337159935041
             0.426564177305732
             0.415048971693240
             0.403420893677662
             0.392055386458709
             0.380649396804785
             0.369405379804158
             0.358436909969616
             0.347527912754904
             0.339021917540294
           617.751055549003013
